 Decimal          SNAFU     BASE_5
        1              1             1
        2              2             2
        3             1=          1 -2
        4             1-          1 -1
        5             10          1  0
        6             11          1  1
        7             12          1  2
        8             2=          2 -2
        9             2-          2 -1
       10             20       	  2  0
       15            1=0       1 -2  0
       20            1-0       1 -1  0
     2022         1=11-2   1 -2 1 1 -1 2
    12345        1-0---0  1 -1 0 -1 -1 -1 0
314159265  1121-1110-1=0 1 1 2 1 -1 1 1 1 0 -1 1 -2 0
     4890         2=-1=0     2 -2 -1 1 -2 0
